001100110011101111011000011001100111011110110
111111111110010110100110011001100111011110110
000000000001111100001100001111101111101110110
001000010011111111111110011001100111011110110
000011000011111011111000001100001111101111100 
000000000001111100001100001111101111101110110
000000000011011111011100001100001111101111101
111111111110000000000100001100001111101111100
000000000011111111100001100001111101111101111
000000000011100001100001111101111101111111011
111100001100001111101111101111111111110111111
000000000011000011111011111000000111110111110
111111111111111100001100001111101111100111111
000000000001110000110000111110111110111111111
000000000011111101111110011001100111011110110 
111111111111110111000011000011111011111011101
000000000001111100001100001111101111101110110
111111011111101101111100001100001111101111101
000001100001111101111100000000000111110111101
111011110111111011110000110000111110111110111
000000000001111100001100001111101111101110110
000100100011111011011100011001100111011110110
