001100110011101111011000011001101110111011110110
111111110001110010110100110011001100111011110110
001000010111011111111111110011001100111011110110
000011001110011111011111000001100001111101111100 
000000011100001111100001100001111101111101110110
000001110000011011111011100001100001111101111101
111111111110110100000000100001100001111101111100
000000011100011111111100001100001111101111101111
000011100000011100001100001111101111101111111011
111100111001100001111101111101111111111110111111
000000111000011000011111011111000000111110111110
111100011111111111100001100001111101111100111111
000000001110001110000110000111110111110111111111
111111111111110111000011001100111111011111011101
111100011111111111100001100001111101111100111111
000000000001111100001100001111111101111101110110
111101101111110110111110000110101001111101111101
000001100001111101111100001000000111111110111101
111011110111111011110000110000111110111110111111
000000000001111100001100001111101111101110110100
000100100011111011011100011001100111011110110110
000011110000011111101111110011001100111011110110 
001111010010011101010011011011101101110001100111
000011101100011100101100001111101111101111111010
000011101110000110100111110111110111100000111011
000000111000011000011111011111000000111110111110
000000111000011000011111011111000000111110111110
111100011111111111100001100001111101111100111111
000000001110001110000110000111110111110111111111
000011110000011111101111110011001100111011110110 
000001110000001111100001100001111101111101110110
111111111111110111000011001100111111011111011101
111111111111110111000011001100111111011111011101
000000000001111100001100001111111101111101110110
000000001110001110000110000111110111110111111111
000011110000011111101111110011001100111011110110 
000000000001111100001100001111111101111101110110
000000111000011000011111011111000000111110111110
111100011111111111100001100001111101111100111111
000000001110001110000110000111110111110111111111
000011110000011111101111110011001100111011110110 
111111111111110111000011001100111111011111011101
000000000001111100001100001111111101111101110110
000000001110001110000110000111110111110111111111
000000111000011000011111011111000000111110111110
000011110000011111101111110011001100111011110110 
111100011111111111100001100001111101111100111111
111111111111110111000011001100111111011111011101
000000000001111100001100001111111101111101110110
